# ('2017-08-25 08:45:12', 'ptb-batch.py', Namespace(batchsize=2, fname='./logs/ptb/ptb-batch_v1-B2-H64-S25-lr01-macbook.dat', hidden=64, seqlength=25, timelimit=100))
#  ITER		TIME		TRAIN LOSS
    0		0.054572	3.913755
  100		0.364303	3.975459
  200		0.656400	3.939737
  300		0.955317	3.895726
  400		1.258536	3.837142
  500		1.558924	3.756966
  600		1.861109	3.714288
  700		2.174237	3.656760
  800		2.475739	3.616896
  900		2.768019	3.557805
 1000		3.107364	3.515554
 1100		3.402846	3.476147
 1200		3.702151	3.439200
 1300		3.999517	3.409009
 1400		4.288820	3.377486
 1500		4.592970	3.342493
 1600		4.884072	3.295962
 1700		5.178205	3.253378
 1800		5.477955	3.215243
 1900		5.777340	3.191931
 2000		6.119358	3.163032
 2100		6.420065	3.144670
 2200		6.712681	3.123496
 2300		7.003208	3.097225
 2400		7.304710	3.071099
 2500		7.592390	3.027314
 2600		7.898868	3.002447
 2700		8.199078	2.996554
 2800		8.503367	2.978944
 2900		8.807436	2.957722
 3000		9.151847	2.945361
 3100		9.448948	2.920536
 3200		9.741102	2.909303
 3300		10.039549	2.904261
 3400		10.338939	2.898673
 3500		10.639390	2.880342
 3600		10.937994	2.858565
 3700		11.238268	2.854743
 3800		11.535295	2.846834
 3900		11.834396	2.838664
 4000		12.185049	2.831763
 4100		12.476428	2.810114
 4200		12.774473	2.809978
 4300		13.086381	2.811864
 4400		13.393506	2.809469
 4500		13.700295	2.811909
 4600		14.003352	2.796387
 4700		14.305735	2.792112
 4800		14.606825	2.783458
 4900		14.908982	2.769430
 5000		15.238294	2.760524
 5100		15.537139	2.756498
 5200		15.846146	2.739559
 5300		16.142764	2.729387
 5400		16.450324	2.724852
 5500		16.754459	2.728529
 5600		17.054412	2.738188
 5700		17.348072	2.734497
 5800		17.639773	2.736925
 5900		17.956339	2.740241
 6000		18.299456	2.738614
 6100		18.600283	2.746021
 6200		18.900305	2.737687
 6300		19.199412	2.725155
 6400		19.500206	2.725184
 6500		19.813339	2.728125
 6600		20.121074	2.730841
 6700		20.417491	2.726518
 6800		20.712504	2.711677
 6900		21.025246	2.699586
 7000		21.365676	2.703267
 7100		21.655475	2.696926
 7200		21.951109	2.672834
 7300		22.238476	2.657044
 7400		22.526421	2.642750
 7500		22.833520	2.647081
 7600		23.136846	2.645413
 7700		23.448723	2.642901
 7800		23.753021	2.654632
 7900		24.046067	2.647457
 8000		24.394936	2.651290
 8100		24.694227	2.653984
 8200		24.999599	2.660806
 8300		25.301422	2.653495
 8400		25.606293	2.657372
 8500		25.911117	2.660813
 8600		26.216623	2.654786
 8700		26.519163	2.667314
 8800		26.809866	2.678728
 8900		27.105239	2.665625
 9000		27.449606	2.658927
 9100		27.747635	2.664051
 9200		28.046981	2.648482
 9300		28.353521	2.656573
 9400		28.661115	2.656198
 9500		28.961529	2.662319
 9600		29.258040	2.674637
 9700		29.559448	2.665670
 9800		29.856469	2.663411
 9900		30.158286	2.657006
10000		30.507914	2.656299
10100		30.819749	2.666087
10200		31.135469	2.663598
10300		31.435243	2.659730
10400		31.736364	2.637548
10500		32.038943	2.640805
10600		32.337135	2.642478
10700		32.642688	2.624019
10800		32.943857	2.617710
10900		33.254336	2.617259
11000		33.593318	2.619333
11100		33.886873	2.614721
11200		34.194771	2.614952
11300		34.490416	2.597605
11400		34.794802	2.589177
11500		35.095403	2.585847
11600		35.393175	2.573679
11700		35.691473	2.553777
11800		35.992103	2.549689
11900		36.291212	2.556508
12000		36.637678	2.560546
12100		36.932165	2.563613
12200		37.231756	2.558987
12300		37.535856	2.559348
12400		37.849949	2.553087
12500		38.151347	2.551792
12600		38.454732	2.551218
12700		38.754877	2.550783
12800		39.059903	2.560509
12900		39.350643	2.539283
13000		39.694756	2.546075
13100		40.009830	2.540310
13200		40.321652	2.531815
13300		40.626415	2.543528
13400		40.924718	2.548153
13500		41.222620	2.545206
13600		41.525176	2.546797
13700		41.829899	2.560418
13800		42.130186	2.561113
13900		42.431567	2.555247
14000		42.781092	2.558581
14100		43.079641	2.556557
14200		43.380617	2.542760
14300		43.684638	2.539346
14400		43.988237	2.534288
14500		44.290088	2.520486
14600		44.592602	2.523987
14700		44.890173	2.508741
14800		45.185046	2.521606
14900		45.494794	2.527505
15000		45.851393	2.530945
15100		46.139859	2.511543
15200		46.440422	2.510755
15300		46.738855	2.516534
15400		47.038466	2.517321
15500		47.340954	2.521148
15600		47.640954	2.523330
15700		47.948780	2.521828
15800		48.253470	2.515199
15900		48.545018	2.515147
16000		48.883255	2.495439
16100		49.191544	2.498878
16200		49.490342	2.503989
16300		49.790864	2.501987
16400		50.097196	2.496189
16500		50.403189	2.490298
16600		50.693208	2.485499
16700		50.994090	2.492635
16800		51.290362	2.496190
16900		51.590282	2.504563
17000		51.941571	2.506620
17100		52.241612	2.516176
17200		52.542778	2.520774
17300		52.838118	2.529347
17400		53.137702	2.534126
17500		53.439295	2.543993
17600		53.736114	2.537935
17700		54.040053	2.541448
17800		54.340076	2.548635
17900		54.648085	2.541763
18000		54.990472	2.536160
18100		55.288735	2.528727
18200		55.593772	2.536763
18300		55.891384	2.541070
18400		56.186935	2.533088
18500		56.486265	2.524988
18600		56.783914	2.512880
18700		57.088302	2.516009
18800		57.393923	2.514333
18900		57.703901	2.500854
19000		58.057734	2.498004
19100		58.363178	2.498276
19200		58.661528	2.500313
19300		58.954725	2.498895
19400		59.254904	2.498172
19500		59.557288	2.481865
19600		59.849644	2.490964
19700		60.152795	2.504259
19800		60.443620	2.511948
19900		60.747119	2.521832
20000		61.096424	2.523076
20100		61.393538	2.522581
20200		61.700270	2.525609
20300		62.007591	2.524389
20400		62.307078	2.525060
20500		62.599591	2.523548
20600		62.908814	2.523556
20700		63.204668	2.517125
20800		63.505024	2.517405
20900		63.802528	2.513966
21000		64.139016	2.498800
21100		64.436912	2.495125
21200		64.721830	2.495609
21300		65.013409	2.498053
21400		65.310584	2.512195
21500		65.620077	2.525417
21600		65.925452	2.525895
21700		66.231101	2.523400
21800		66.529363	2.530798
21900		66.838659	2.536522
22000		67.185854	2.530475
22100		67.485186	2.533713
22200		67.782163	2.528027
22300		68.081995	2.525985
22400		68.373531	2.533071
22500		68.668897	2.520796
22600		68.976295	2.520570
22700		69.269011	2.507321
22800		69.571103	2.500949
22900		69.862398	2.514037
23000		70.212106	2.501244
23100		70.512466	2.504228
23200		70.803044	2.505302
23300		71.105349	2.530743
23400		71.410436	2.533286
23500		71.711587	2.531646
23600		72.013541	2.526432
23700		72.308915	2.517297
23800		72.610587	2.495891
23900		72.916281	2.499414
24000		73.258983	2.498573
24100		73.559377	2.503465
24200		73.855169	2.502633
24300		74.149558	2.498133
24400		74.449854	2.494345
24500		74.756066	2.517602
24600		75.049152	2.514874
24700		75.345982	2.526437
24800		75.647794	2.520989
24900		75.952177	2.521983
25000		76.304268	2.518827
25100		76.615219	2.506055
25200		76.920643	2.513969
25300		77.226985	2.515181
25400		77.529701	2.521806
25500		77.834240	2.536754
25600		78.137691	2.533135
25700		78.432094	2.527252
25800		78.735233	2.510588
25900		79.039429	2.510341
26000		79.383560	2.511071
26100		79.683672	2.505587
26200		79.982656	2.510082
26300		80.287534	2.497138
26400		80.584826	2.512367
26500		80.879792	2.509516
26600		81.180044	2.500843
26700		81.480019	2.491950
26800		81.763791	2.486695
26900		82.075506	2.482722
27000		82.426423	2.488821
27100		82.725264	2.491165
27200		83.027640	2.503677
27300		83.328653	2.500686
27400		83.632941	2.495348
27500		83.936684	2.493624
27600		84.240505	2.479794
27700		84.533409	2.467503
27800		84.834498	2.466813
27900		85.138611	2.478423
28000		85.490017	2.481347
28100		85.787955	2.494079
28200		86.088233	2.484634
28300		86.392647	2.488766
28400		86.687554	2.483296
28500		86.983281	2.474958
28600		87.286768	2.469968
28700		87.599302	2.465110
28800		87.902195	2.452502
28900		88.212028	2.441666
29000		88.562424	2.449692
29100		88.859014	2.449666
29200		89.154085	2.446040
29300		89.455878	2.440094
29400		89.749659	2.446830
29500		90.059211	2.447281
29600		90.363617	2.443844
29700		90.669425	2.453005
29800		90.972100	2.469141
29900		91.277465	2.474628
30000		91.615877	2.489468
30100		91.927033	2.496088
30200		92.225197	2.512019
30300		92.532396	2.508935
30400		92.833188	2.510616
30500		93.129795	2.500027
30600		93.438757	2.488219
30700		93.742514	2.487548
30800		94.043218	2.500466
30900		94.349985	2.492677
31000		94.700134	2.478618
31100		95.007645	2.494201
31200		95.306775	2.507929
31300		95.615724	2.514480
31400		95.919494	2.535679
31500		96.224335	2.537193
31600		96.524104	2.536332
31700		96.822245	2.531166
31800		97.118515	2.529551
31900		97.421034	2.517497
32000		97.759927	2.513626
32100		98.055841	2.513215
32200		98.353870	2.518793
32300		98.654565	2.510646
32400		98.958401	2.505368
32500		99.259385	2.500801
32600		99.551451	2.500542
32700		99.849734	2.474878
32800		100.155127	2.460214
