# ('2017-08-25 08:45:50', 'ptb-batch.py', Namespace(batchsize=1, fname='./logs/ptb/ptb-batch_v2-B1-H64-S25-lr01-galileo.dat', hidden=64, seqlength=25, timelimit=100))
#  ITER		TIME		TRAIN LOSS
    0		0.137117	3.913755
  100		0.499951	4.011944
  200		0.844243	4.031473
  300		1.166373	4.014157
  400		1.462207	3.979085
  500		1.759408	3.956525
  600		2.059303	3.925894
  700		2.356157	3.898518
  800		2.652674	3.860432
  900		2.950020	3.812908
 1000		3.306903	3.776553
 1100		3.601567	3.736056
 1200		3.897369	3.691633
 1300		4.186717	3.654824
 1400		4.479298	3.635408
 1500		4.772563	3.612820
 1600		5.065056	3.584051
 1700		5.352669	3.563288
 1800		5.643280	3.537564
 1900		5.933499	3.516010
 2000		6.283590	3.492453
 2100		6.573573	3.460448
 2200		6.861945	3.441091
 2300		7.153051	3.413276
 2400		7.442629	3.391255
 2500		7.730887	3.369745
 2600		8.019062	3.351939
 2700		8.317710	3.329603
 2800		8.606914	3.312684
 2900		8.900579	3.303003
 3000		9.247531	3.301951
 3100		9.536200	3.293711
 3200		9.832010	3.284212
 3300		10.234182	3.278107
 3400		10.572764	3.242498
 3500		10.913176	3.209391
 3600		11.209621	3.178648
 3700		11.501399	3.156435
 3800		11.794458	3.157414
 3900		12.083950	3.143171
 4000		12.434008	3.141085
 4100		12.732160	3.141515
 4200		13.034533	3.133356
 4300		13.333606	3.124269
 4400		13.628382	3.121707
 4500		13.926795	3.121803
 4600		14.220100	3.107735
 4700		14.518859	3.099629
 4800		14.811044	3.097366
 4900		15.098612	3.086883
 5000		15.455341	3.083744
 5100		15.743588	3.081712
 5200		16.037331	3.070264
 5300		16.333810	3.069294
 5400		16.624868	3.064692
 5500		16.923039	3.055624
 5600		17.215295	3.042308
 5700		17.510015	3.035382
 5800		17.798335	3.029804
 5900		18.092239	3.032828
 6000		18.441405	3.040888
 6100		18.731090	3.039301
 6200		19.027982	3.044143
 6300		19.329945	3.040734
 6400		19.624832	3.044207
 6500		19.925775	3.054667
 6600		20.218220	3.039329
 6700		20.506838	3.038315
 6800		20.800689	3.038575
 6900		21.088700	3.022967
 7000		21.438123	3.022333
 7100		21.727012	3.028361
 7200		22.015423	3.025802
 7300		22.303263	3.014530
 7400		22.591423	3.016463
 7500		22.879927	3.017721
 7600		23.168229	3.018728
 7700		23.459286	3.015421
 7800		23.748196	3.019071
 7900		24.036321	3.013869
 8000		24.382048	3.007781
 8100		24.671844	3.011233
 8200		24.967103	3.012796
 8300		25.258259	3.011757
 8400		25.546171	2.994837
 8500		25.835457	3.000392
 8600		26.132401	2.997214
 8700		26.424172	2.988123
 8800		26.712872	2.991469
 8900		27.001403	2.981105
 9000		27.348252	2.982087
 9100		27.636749	2.982224
 9200		27.927970	2.982790
 9300		28.219261	2.968406
 9400		28.514165	2.956000
 9500		28.803678	2.950456
 9600		29.091990	2.952470
 9700		29.381063	2.948390
 9800		29.670749	2.954964
 9900		29.958972	2.955216
10000		30.305174	2.970292
10100		30.598505	2.972193
10200		30.889376	2.966391
10300		31.180176	2.960356
10400		31.476134	2.963890
10500		31.770700	2.962797
10600		32.058965	2.951455
10700		32.355333	2.956779
10800		32.647580	2.943012
10900		32.938305	2.939013
11000		33.294883	2.931374
11100		33.586675	2.934130
11200		33.879368	2.935262
11300		34.172486	2.932466
11400		34.460879	2.934532
11500		34.755364	2.926626
11600		35.044446	2.911234
11700		35.332716	2.903971
11800		35.624384	2.882461
11900		35.913712	2.868603
12000		36.276549	2.865017
12100		36.565032	2.853695
12200		36.856915	2.842599
12300		37.147471	2.840950
12400		37.437324	2.849867
12500		37.729044	2.843378
12600		38.025515	2.831335
12700		38.314390	2.824355
12800		38.608157	2.815229
12900		38.901347	2.823567
13000		39.250246	2.837974
13100		39.539671	2.855696
13200		39.828343	2.864930
13300		40.121136	2.864256
13400		40.411899	2.864584
13500		40.700776	2.865978
13600		40.989710	2.869472
13700		41.281258	2.869909
13800		41.570374	2.880967
13900		41.859582	2.852549
14000		42.205831	2.821841
14100		42.495396	2.830144
14200		42.784003	2.837266
14300		43.071974	2.844864
14400		43.360996	2.849033
14500		43.649163	2.864456
14600		43.938023	2.863293
14700		44.226501	2.866564
14800		44.515087	2.870836
14900		44.809659	2.867330
15000		45.155768	2.867280
15100		45.443935	2.852650
15200		45.732268	2.842840
15300		46.023607	2.835392
15400		46.311701	2.835433
15500		46.615595	2.848447
15600		46.903663	2.829648
15700		47.191048	2.828039
15800		47.479403	2.827278
15900		47.767177	2.824501
16000		48.113055	2.838159
16100		48.401705	2.835619
16200		48.694337	2.831235
16300		48.984353	2.829087
16400		49.276152	2.836335
16500		49.569688	2.840952
16600		49.860302	2.845072
16700		50.150227	2.849532
16800		50.438846	2.854163
16900		50.728336	2.862041
17000		51.075565	2.867561
17100		51.363173	2.868295
17200		51.653435	2.874696
17300		51.941602	2.870402
17400		52.230013	2.878578
17500		52.522415	2.884983
17600		52.810672	2.891237
17700		53.099152	2.885911
17800		53.387651	2.876470
17900		53.676081	2.866893
18000		54.022424	2.869105
18100		54.310951	2.859580
18200		54.599161	2.847885
18300		54.893015	2.837789
18400		55.181685	2.833825
18500		55.474265	2.830797
18600		55.764852	2.835339
18700		56.052833	2.828466
18800		56.343841	2.829933
18900		56.631923	2.835439
19000		56.977573	2.820569
19100		57.271449	2.820978
19200		57.566449	2.826831
19300		57.855823	2.834370
19400		58.146016	2.849597
19500		58.434532	2.847725
19600		58.723951	2.848620
19700		59.023139	2.840563
19800		59.318509	2.831508
19900		59.609073	2.826410
20000		59.954274	2.818368
20100		60.242232	2.815563
20200		60.530438	2.817085
20300		60.818107	2.833975
20400		61.111737	2.845242
20500		61.399244	2.852312
20600		61.687396	2.841850
20700		61.982046	2.843765
20800		62.277299	2.839399
20900		62.566236	2.830185
21000		62.914015	2.816244
21100		63.204273	2.815773
21200		63.498173	2.823401
21300		63.787246	2.821574
21400		64.076747	2.820652
21500		64.364830	2.821614
21600		64.653081	2.825715
21700		64.941255	2.821251
21800		65.229515	2.818945
21900		65.520971	2.809511
22000		65.870511	2.808240
22100		66.158908	2.797811
22200		66.447361	2.796979
22300		66.737191	2.788160
22400		67.025520	2.784794
22500		67.313687	2.791013
22600		67.602057	2.787113
22700		67.889993	2.790805
22800		68.178481	2.792556
22900		68.467364	2.797878
23000		68.817357	2.809837
23100		69.105322	2.819867
23200		69.395705	2.824783
23300		69.683466	2.806691
23400		69.971587	2.809472
23500		70.259008	2.812775
23600		70.548340	2.801213
23700		70.835663	2.808992
23800		71.127906	2.814420
23900		71.415548	2.812799
24000		71.770468	2.804139
24100		72.058717	2.807849
24200		72.348526	2.804577
24300		72.640008	2.800019
24400		72.929066	2.803963
24500		73.222884	2.797193
24600		73.513908	2.811957
24700		73.811898	2.814626
24800		74.104644	2.819593
24900		74.395175	2.822331
25000		74.744676	2.835074
25100		75.034820	2.823606
25200		75.322225	2.828122
25300		75.609739	2.836971
25400		75.898323	2.824281
25500		76.190721	2.817224
25600		76.480242	2.804126
25700		76.768487	2.809294
25800		77.064251	2.803867
25900		77.352111	2.798791
26000		77.697590	2.792418
26100		77.993258	2.797290
26200		78.287242	2.793363
26300		78.584318	2.806305
26400		78.872785	2.807386
26500		79.161598	2.805031
26600		79.450284	2.805120
26700		79.748897	2.809928
26800		80.038354	2.804028
26900		80.330446	2.803582
27000		80.676367	2.792393
27100		80.965392	2.794689
27200		81.254395	2.798941
27300		81.545677	2.798283
27400		81.836666	2.806098
27500		82.125050	2.803056
27600		82.414384	2.799588
27700		82.702937	2.793685
27800		82.991447	2.797029
27900		83.280616	2.788819
28000		83.627750	2.781250
28100		83.918670	2.792338
28200		84.207916	2.790745
28300		84.499154	2.787879
28400		84.787720	2.794820
28500		85.075983	2.795420
28600		85.366529	2.797554
28700		85.654060	2.796493
28800		85.942487	2.788969
28900		86.237044	2.789228
29000		86.584656	2.775980
29100		86.872521	2.785151
29200		87.164165	2.790943
29300		87.454309	2.793799
29400		87.744729	2.794410
29500		88.032754	2.784830
29600		88.321089	2.788497
29700		88.617775	2.783076
29800		88.905825	2.784062
29900		89.194247	2.781205
30000		89.541802	2.777262
30100		89.834006	2.773303
30200		90.122550	2.757382
30300		90.410774	2.743857
30400		90.706130	2.751579
30500		91.002292	2.754981
30600		91.291072	2.740037
30700		91.578826	2.738055
30800		91.866870	2.736055
30900		92.156293	2.739743
31000		92.506903	2.738457
31100		92.800879	2.744256
31200		93.089308	2.740885
31300		93.381683	2.744059
31400		93.674559	2.750866
31500		93.966955	2.756195
31600		94.254645	2.754381
31700		94.543272	2.750925
31800		94.839939	2.756336
31900		95.137602	2.752885
32000		95.486442	2.756309
32100		95.779790	2.765390
32200		96.077529	2.773986
32300		96.372082	2.767913
32400		96.665376	2.766605
32500		96.956058	2.764327
32600		97.248090	2.767591
32700		97.550188	2.760709
32800		97.845191	2.747163
32900		98.142230	2.743482
33000		98.494977	2.757768
33100		98.786162	2.764786
33200		99.075811	2.775097
33300		99.363748	2.780428
33400		99.652730	2.777499
33500		99.942911	2.779309
33600		100.231499	2.778854
