# ('2017-08-25 10:16:48', 'ptb-batch.py', Namespace(batchsize=1, fname='./logs/ptb/ptb-batch_v1-B1-H64-S25-lr01-macbook.dat', hidden=64, seqlength=25, timelimit=900))
#  ITER		TIME		TRAIN LOSS
  500		1.465682	3.966922
 1000		2.897422	3.715550
 1500		4.352456	3.519804
 2000		5.804423	3.349275
 2500		7.241890	3.233367
 3000		8.674644	3.153561
 3500		10.141721	3.141432
 4000		11.588569	3.062230
 4500		13.064367	2.991294
 5000		14.515469	2.935262
 5500		15.966547	2.910152
 6000		17.423852	2.863843
 6500		18.881332	2.861558
 7000		20.350517	2.814951
 7500		21.799037	2.782086
 8000		23.236905	2.818054
 8500		24.708889	2.790641
 9000		26.173887	2.805029
 9500		27.607499	2.763906
10000		29.146945	2.766670
10500		30.577088	2.792497
11000		32.033465	2.782474
11500		33.496315	2.777925
12000		34.962352	2.778877
12500		36.420635	2.771915
13000		37.887515	2.740772
13500		39.350276	2.733141
14000		40.813012	2.712039
14500		42.267786	2.735146
15000		43.762736	2.700967
15500		45.258060	2.712095
16000		46.689957	2.700195
16500		48.150042	2.702780
17000		49.642407	2.722032
17500		51.079714	2.705724
18000		52.539462	2.707331
18500		53.970043	2.691262
19000		55.445628	2.701027
19500		56.935079	2.691909
20000		58.447115	2.678785
20500		59.899572	2.646875
21000		61.354842	2.615861
21500		62.814835	2.584027
22000		64.257396	2.572706
22500		65.719363	2.572819
23000		67.178723	2.617643
23500		68.645025	2.623934
24000		70.102114	2.644788
24500		71.533524	2.653470
25000		72.976992	2.613186
25500		74.437049	2.617262
26000		75.874235	2.615376
26500		77.306907	2.603077
27000		78.766871	2.614698
27500		80.227443	2.591804
28000		81.674242	2.576376
28500		83.107179	2.563499
29000		84.558710	2.559718
29500		85.979349	2.557477
30000		87.460342	2.518936
30500		88.923332	2.512917
31000		90.379123	2.528760
31500		91.833200	2.546696
32000		93.281581	2.541588
32500		94.754947	2.541584
33000		96.229286	2.570713
33500		97.703682	2.573147
34000		99.178757	2.536693
34500		100.626788	2.552868
35000		102.083049	2.554974
35500		103.557943	2.568079
36000		105.012019	2.572938
36500		106.475165	2.548654
37000		107.914521	2.552703
37500		109.363912	2.548568
38000		110.797436	2.574110
38500		112.246895	2.585054
39000		113.716201	2.567745
39500		115.145531	2.534281
40000		116.652123	2.524771
40500		118.130997	2.518002
41000		119.579291	2.532154
41500		121.068713	2.539844
42000		122.540237	2.537369
42500		123.968488	2.510184
43000		125.424220	2.508481
43500		126.865161	2.523407
44000		128.341838	2.508887
44500		129.821824	2.528337
45000		131.298857	2.537275
45500		132.768406	2.523201
46000		134.239685	2.526447
46500		135.699455	2.547419
47000		137.149413	2.529345
47500		138.612958	2.544425
48000		140.090819	2.535318
48500		141.542233	2.551122
49000		142.997704	2.538117
49500		144.483531	2.522478
50000		145.997448	2.522342
50500		147.438032	2.505280
51000		148.916652	2.520368
51500		150.363966	2.498426
52000		151.792911	2.476640
52500		153.237713	2.474227
53000		154.689164	2.537838
53500		156.164389	2.530528
54000		157.653108	2.554974
54500		159.111752	2.565336
55000		160.549305	2.541272
55500		162.002695	2.533951
56000		163.464275	2.467598
56500		164.905137	2.502367
57000		166.344701	2.515446
57500		167.812379	2.519712
58000		169.262902	2.498047
58500		170.711237	2.499366
59000		172.150622	2.484881
59500		173.629045	2.484502
60000		175.143287	2.469745
60500		176.603583	2.489613
61000		178.066487	2.480911
61500		179.527440	2.477497
62000		181.009931	2.493805
62500		182.477096	2.502347
63000		183.959502	2.507928
63500		185.426086	2.454705
64000		186.888632	2.422778
64500		188.349677	2.443921
65000		189.802623	2.449745
65500		191.267902	2.421412
66000		192.710002	2.428403
66500		194.187546	2.415464
67000		195.657332	2.430929
67500		197.113155	2.430459
68000		198.565737	2.420427
68500		200.022725	2.433032
69000		201.515777	2.485857
69500		202.959474	2.443590
70000		204.470845	2.460384
70500		205.929740	2.474857
71000		207.390645	2.443542
71500		208.834600	2.391984
72000		210.286933	2.435978
72500		211.729395	2.451931
73000		213.191817	2.472295
73500		214.670376	2.469649
74000		216.102767	2.491828
74500		217.565498	2.509788
75000		218.995736	2.507584
75500		220.439755	2.490670
76000		221.876810	2.456396
76500		223.330929	2.461288
77000		224.756311	2.459305
77500		226.217291	2.433776
78000		227.675600	2.412564
78500		229.113525	2.435933
79000		230.562374	2.428238
79500		232.001705	2.419228
80000		233.535457	2.419608
80500		235.044763	2.451378
81000		236.517679	2.472535
81500		237.994359	2.464456
82000		239.467624	2.442313
82500		240.941539	2.425894
83000		242.419305	2.432351
83500		243.863998	2.418988
84000		245.331202	2.379724
84500		246.807577	2.404785
85000		248.283517	2.399402
85500		249.758595	2.443770
86000		251.221412	2.461633
86500		252.682646	2.460332
87000		254.159919	2.441107
87500		255.628984	2.442568
88000		257.098605	2.472906
88500		258.567826	2.464333
89000		260.039751	2.439170
89500		261.497774	2.433948
90000		263.031491	2.449078
90500		264.487893	2.467227
91000		265.928565	2.466403
91500		267.411934	2.450357
92000		268.885066	2.465598
92500		270.324088	2.453980
93000		271.754023	2.472401
93500		273.216413	2.442806
94000		274.680700	2.412652
94500		276.157619	2.394849
95000		277.612568	2.401330
95500		279.079718	2.416889
96000		280.549034	2.417766
96500		282.003009	2.445260
97000		283.546949	2.427093
97500		285.013973	2.392675
98000		286.434724	2.405668
98500		287.877196	2.416090
99000		289.345562	2.425900
99500		290.833459	2.420617
100000		292.365822	2.420820
100500		293.818627	2.423235
101000		295.269528	2.421970
101500		296.699361	2.430050
102000		298.157456	2.443211
102500		299.624356	2.384051
103000		301.078341	2.378565
103500		302.517595	2.387455
104000		303.940065	2.428969
104500		305.380344	2.421233
105000		306.828969	2.431168
105500		308.306595	2.390897
106000		309.783786	2.434503
106500		311.244215	2.400043
107000		312.688671	2.411366
107500		314.151565	2.396377
108000		315.623501	2.408240
108500		317.088911	2.384189
109000		318.550601	2.384062
109500		320.007914	2.403216
110000		321.546646	2.410094
110500		323.006757	2.370571
111000		324.453079	2.355067
111500		325.903498	2.402524
112000		327.330756	2.367365
112500		328.799884	2.405831
113000		330.245682	2.428451
113500		331.699410	2.416838
114000		333.147795	2.374255
114500		334.592219	2.398451
115000		336.056968	2.390741
115500		337.546136	2.384984
116000		339.024618	2.379340
116500		340.479993	2.379800
117000		341.925979	2.365183
117500		343.403310	2.375469
118000		344.876995	2.387204
118500		346.346548	2.357987
119000		347.799543	2.353936
119500		349.247269	2.381622
120000		350.765274	2.361005
120500		352.231761	2.375060
121000		353.703205	2.392896
121500		355.181396	2.405179
122000		356.638577	2.442252
122500		358.092083	2.451466
123000		359.572588	2.444204
123500		361.023237	2.416417
124000		362.493416	2.403579
124500		363.955677	2.401745
125000		365.407070	2.361613
125500		366.853698	2.361651
126000		368.290310	2.413285
126500		369.717114	2.369771
127000		371.169597	2.341702
127500		372.644139	2.323289
128000		374.083803	2.346045
128500		375.562966	2.339436
129000		377.020137	2.345596
129500		378.492388	2.292321
130000		379.996564	2.339396
130500		381.461963	2.315892
131000		382.894505	2.355920
131500		384.359580	2.366938
132000		385.825749	2.340208
132500		387.273178	2.370940
133000		388.725325	2.402503
133500		390.181764	2.385637
134000		391.645790	2.393503
134500		393.083212	2.400839
135000		394.544244	2.391377
135500		395.977162	2.351253
136000		397.445678	2.401277
136500		398.892420	2.388431
137000		400.340054	2.405489
137500		401.790651	2.387524
138000		403.254176	2.367730
138500		404.694010	2.370742
139000		406.150077	2.377742
139500		407.619162	2.380191
140000		409.143798	2.377868
140500		410.585109	2.381524
141000		412.045245	2.367811
141500		413.471292	2.407368
142000		414.935846	2.417794
142500		416.389384	2.394474
143000		417.877976	2.337252
143500		419.327297	2.339098
144000		420.776403	2.295470
144500		422.218093	2.300915
145000		423.660726	2.336309
145500		425.082106	2.388507
146000		426.534015	2.379666
146500		427.990176	2.401155
147000		429.450121	2.410315
147500		430.905149	2.387045
148000		432.363495	2.383943
148500		433.818280	2.383360
149000		435.262827	2.363239
149500		436.714758	2.374308
150000		438.193993	2.351431
150500		439.679479	2.311358
151000		441.132876	2.326550
151500		442.571812	2.354599
152000		444.021223	2.353677
152500		445.478903	2.294934
153000		446.944713	2.299880
153500		448.403500	2.351786
154000		449.854881	2.360776
154500		451.310107	2.347638
155000		452.749890	2.350219
155500		454.203369	2.385097
156000		455.648476	2.382570
156500		457.106314	2.338360
157000		458.543337	2.346771
157500		460.019777	2.350445
158000		461.491519	2.371118
158500		462.930454	2.387597
159000		464.442547	2.362751
159500		465.928251	2.375221
160000		467.438359	2.358556
160500		468.924737	2.371619
161000		470.391895	2.384938
161500		471.849981	2.369101
162000		473.310507	2.327111
162500		474.766691	2.334283
163000		476.220589	2.349612
163500		477.678318	2.361306
164000		479.135110	2.343332
164500		480.597998	2.382166
165000		482.072577	2.347593
165500		483.557258	2.373687
166000		484.991265	2.347586
166500		486.415948	2.369010
167000		487.870586	2.370883
167500		489.339106	2.373503
168000		490.836749	2.368703
168500		492.284590	2.328659
169000		493.749174	2.367589
169500		495.195360	2.368580
170000		496.708311	2.337714
170500		498.151458	2.358276
171000		499.604036	2.349224
171500		501.053610	2.361487
172000		502.487581	2.377585
172500		503.937870	2.376149
173000		505.416840	2.352487
173500		506.887083	2.305520
174000		508.360946	2.313071
174500		509.805205	2.275193
175000		511.272200	2.271402
175500		512.722491	2.321135
176000		514.194255	2.352055
176500		515.661713	2.379199
177000		517.128923	2.367331
177500		518.600107	2.376408
178000		520.057245	2.365786
178500		521.518768	2.349415
179000		522.958869	2.345881
179500		524.382637	2.346642
180000		525.886680	2.325455
180500		527.360320	2.338697
181000		528.826677	2.271058
181500		530.281699	2.303299
182000		531.740771	2.315040
182500		533.207703	2.294684
183000		534.676058	2.250186
183500		536.152631	2.303958
184000		537.591120	2.348998
184500		539.067456	2.322550
185000		540.560937	2.325204
185500		542.000311	2.353296
186000		543.464789	2.364639
186500		544.927694	2.337996
187000		546.395886	2.329335
187500		547.825054	2.319253
188000		549.282876	2.337259
188500		550.729565	2.355477
189000		552.161508	2.354322
189500		553.636941	2.342276
190000		555.145929	2.346599
190500		556.603554	2.339628
191000		558.076500	2.338869
191500		559.548322	2.329912
192000		561.020854	2.314928
192500		562.469470	2.322745
193000		563.908969	2.329228
193500		565.342739	2.344306
194000		566.787380	2.355749
194500		568.232872	2.338993
195000		569.689280	2.375504
195500		571.148834	2.366177
196000		572.588973	2.391616
196500		574.063597	2.390472
197000		575.502702	2.374910
197500		576.957686	2.386289
198000		578.440935	2.382396
198500		579.914787	2.368331
199000		581.391656	2.351029
199500		582.849737	2.324346
200000		584.343361	2.368901
200500		585.795417	2.363823
201000		587.238779	2.327981
201500		588.700163	2.331758
202000		590.155524	2.323826
202500		591.642596	2.315745
203000		593.111118	2.353219
203500		594.565663	2.370485
204000		596.033774	2.356403
204500		597.473120	2.372105
205000		598.925621	2.388982
205500		600.382970	2.366482
206000		601.807485	2.335998
206500		603.268340	2.321450
207000		604.720327	2.330271
207500		606.163716	2.351751
208000		607.621301	2.355277
208500		609.066674	2.357157
209000		610.534150	2.363902
209500		611.994330	2.390384
210000		613.514433	2.401004
210500		614.945690	2.379685
211000		616.412312	2.359425
211500		617.874621	2.385732
212000		619.329923	2.406875
212500		620.778820	2.395180
213000		622.211928	2.396958
213500		623.671517	2.405397
214000		625.141880	2.363952
214500		626.579495	2.344911
215000		628.030087	2.308431
215500		629.466993	2.313246
216000		630.917206	2.301663
216500		632.352544	2.298295
217000		633.825422	2.333416
217500		635.260518	2.306097
218000		636.701622	2.294186
218500		638.146469	2.283366
219000		639.597289	2.331034
219500		641.064222	2.318149
220000		642.579420	2.295612
220500		644.034717	2.330606
221000		645.483086	2.343629
221500		646.946221	2.361778
222000		648.408814	2.359215
222500		649.868351	2.335320
223000		651.303197	2.349337
223500		652.734614	2.368593
224000		654.238470	2.363704
224500		655.697950	2.335908
225000		657.145659	2.354658
225500		658.606538	2.343461
226000		660.090366	2.357017
226500		661.562601	2.351248
227000		663.053405	2.367147
227500		664.543463	2.361783
228000		666.019528	2.382299
228500		667.453637	2.360136
229000		668.896443	2.366954
229500		670.342031	2.357335
230000		671.848190	2.321925
230500		673.310305	2.336484
231000		674.789999	2.303417
231500		676.197477	2.321479
232000		677.653261	2.291890
232500		679.154191	2.282376
233000		680.604679	2.305600
233500		682.041338	2.367373
234000		683.502010	2.359845
234500		684.970439	2.398479
235000		686.432296	2.418638
235500		687.879898	2.380689
236000		689.324607	2.356337
236500		690.765044	2.303777
237000		692.221855	2.337734
237500		693.680646	2.356215
238000		695.141716	2.366882
238500		696.596207	2.330198
239000		698.053204	2.333679
239500		699.496723	2.346077
240000		701.042081	2.334133
240500		702.486549	2.325169
241000		703.926710	2.321331
241500		705.386526	2.334653
242000		706.858870	2.338912
242500		708.301911	2.349275
243000		709.762610	2.374180
243500		711.235707	2.355238
244000		712.698320	2.305211
244500		714.162744	2.273965
245000		715.628492	2.304186
245500		717.079016	2.314164
246000		718.559576	2.293745
246500		720.012830	2.292320
247000		721.469420	2.264616
247500		722.900468	2.276361
248000		724.354503	2.279428
248500		725.797884	2.278829
249000		727.260071	2.280803
249500		728.706176	2.344532
250000		730.214164	2.297242
250500		731.676688	2.315953
251000		733.098139	2.331698
251500		734.547462	2.267788
252000		735.966783	2.253448
252500		737.414763	2.295034
253000		738.853772	2.325385
253500		740.325392	2.342442
254000		741.786506	2.341488
254500		743.238742	2.362101
255000		744.667985	2.386475
255500		746.151974	2.387334
256000		747.607880	2.361421
256500		749.055901	2.334770
257000		750.505171	2.335722
257500		751.962667	2.325315
258000		753.427250	2.297669
258500		754.879429	2.274402
259000		756.347281	2.299921
259500		757.795812	2.294814
260000		759.309127	2.271869
260500		760.756177	2.286233
261000		762.204367	2.324449
261500		763.658239	2.347972
262000		765.125056	2.327255
262500		766.560807	2.335737
263000		768.055957	2.312807
263500		769.544798	2.306606
264000		770.992744	2.287784
264500		772.439384	2.262322
265000		773.899875	2.263507
265500		775.343089	2.278582
266000		776.819439	2.330670
266500		778.261962	2.343469
267000		779.718368	2.333953
267500		781.199603	2.340495
268000		782.669429	2.333171
268500		784.111211	2.367222
269000		785.561487	2.355214
269500		787.001721	2.327937
270000		788.538561	2.329756
270500		789.949630	2.350178
271000		791.398455	2.371069
271500		792.875756	2.370830
272000		794.348249	2.335218
272500		795.808049	2.355678
273000		797.227584	2.360253
273500		798.687007	2.364202
274000		800.151801	2.333263
274500		801.608093	2.297059
275000		803.057256	2.288294
275500		804.488854	2.290851
276000		805.944213	2.299091
276500		807.371240	2.320781
277000		808.840013	2.332658
277500		810.288340	2.309775
278000		811.732351	2.279071
278500		813.177092	2.309381
279000		814.655396	2.301800
279500		816.127120	2.321124
280000		817.650610	2.288058
280500		819.106140	2.320503
281000		820.546608	2.308883
281500		822.039986	2.312774
282000		823.485677	2.318112
282500		824.964468	2.320648
283000		826.433478	2.268341
283500		827.892129	2.263664
284000		829.369904	2.291090
284500		830.849570	2.322916
285000		832.304667	2.314538
285500		833.742313	2.333916
286000		835.216933	2.300144
286500		836.672667	2.332217
287000		838.136925	2.307658
287500		839.592502	2.318729
288000		841.076105	2.311310
288500		842.540620	2.327837
289000		844.008410	2.292922
289500		845.445470	2.295040
290000		846.987034	2.322705
290500		848.438053	2.291538
291000		849.892340	2.261672
291500		851.350513	2.267852
292000		852.792113	2.309025
292500		854.256425	2.260573
293000		855.697422	2.316384
293500		857.140457	2.343055
294000		858.581930	2.312286
294500		860.030912	2.280069
295000		861.496788	2.302043
295500		862.954030	2.294590
296000		864.403842	2.288859
296500		865.892961	2.298531
297000		867.310665	2.302613
297500		868.768915	2.275070
298000		870.223252	2.293577
298500		871.694022	2.302925
299000		873.136399	2.256860
299500		874.587688	2.281918
300000		876.077754	2.302182
300500		877.562527	2.268540
301000		879.023461	2.263188
301500		880.472669	2.303251
302000		881.923999	2.315753
302500		883.394243	2.352277
303000		884.844894	2.358660
303500		886.293979	2.346103
304000		887.764477	2.319033
304500		889.216168	2.314073
305000		890.665147	2.313191
305500		892.113626	2.265201
306000		893.553786	2.272838
306500		895.025011	2.339565
307000		896.477510	2.279452
307500		897.938586	2.250743
308000		899.393878	2.243654
308500		900.854753	2.254928
